[unserverdenergycost]
france = 2000.000000
germany = 2000.000000

